camera:
  exposuretime: 4000.0
  gain: 10.0
calibration:
  board_width: 7
  board_height: 10
  square_size: 0.0235
  min_images: 10
  max_images: 250
  camera_matrix: [1701.0185972064537, 0, 651.1726722350835, 0, 1701.5350289904031, 510.8031095770206, 0, 0, 1]
  distort_coeffs: [-0.5205994776351952, 0.6605064895577076, 0.0006435995018867705, 0.000890745564907041, -1.3111138864209606]
  reprojection_error: 0.02979038134874616
display: true
record:
  enabled: false
  fps: 30.0
mode: camera
video:
  path: test.mp4
  fps: 30.0